Version	Task	Concept	att1	att2	att3	att4	att5	att6	att7
1	1	1	4	1	4	3	2	6	5
1	1	2	5	5	6	1	6	4	4
1	1	3	3	3	5	6	4	3	3
1	2	1	2	5	1	3	1	1	1
1	2	2	1	2	2	2	3	5	5
1	2	3	2	4	3	5	5	2	2
1	3	1	5	2	5	2	4	1	2
1	3	2	3	3	4	4	5	4	1
1	3	3	1	4	6	6	2	6	3
1	4	1	1	2	3	1	3	3	1
1	4	2	5	3	1	5	1	2	5
1	4	3	4	1	2	4	6	5	4
1	5	1	2	4	2	1	4	4	3
1	5	2	4	1	3	3	5	3	4
1	5	3	3	5	4	5	2	5	2
1	6	1	3	4	6	2	3	1	4
1	6	2	1	3	5	4	6	6	5
1	6	3	2	1	6	6	1	2	2
1	7	1	5	5	1	3	3	6	1
1	7	2	4	2	1	5	2	1	3
1	7	3	3	1	3	2	1	4	5
2	1	1	5	4	4	1	6	1	1
2	1	2	4	5	2	6	5	5	3
2	1	3	2	2	5	4	4	2	4
2	2	1	5	4	5	4	1	5	1
2	2	2	1	3	2	2	2	3	2
2	2	3	2	2	4	3	6	4	3
2	3	1	3	1	5	5	3	6	5
2	3	2	4	3	6	3	4	2	4
2	3	3	1	1	1	1	5	3	2
2	4	1	1	4	4	5	3	4	4
2	4	2	4	5	3	6	2	2	1
2	4	3	5	3	6	2	5	3	5
2	5	1	3	5	1	3	4	5	3
2	5	2	2	2	2	6	6	6	2
2	5	3	1	1	3	4	1	1	4
2	6	1	5	3	3	4	3	6	3
2	6	2	3	2	1	2	6	2	2
2	6	3	2	5	4	1	2	3	5
2	7	1	3	2	2	6	1	4	4
2	7	2	2	3	5	1	4	5	2
2	7	3	4	4	6	5	5	6	1
3	1	1	4	4	3	3	6	3	1
3	1	2	5	1	2	5	5	1	3
3	1	3	1	5	6	1	1	2	5
3	2	1	4	4	1	4	2	4	5
3	2	2	5	1	4	6	4	1	2
3	2	3	1	3	5	2	3	2	1
3	3	1	4	5	5	1	1	6	3
3	3	2	3	2	6	4	3	3	3
3	3	3	2	3	3	5	6	5	4
3	4	1	2	5	4	2	5	1	5
3	4	2	5	4	5	3	2	4	4
3	4	3	1	1	1	6	4	5	1
3	5	1	4	4	2	2	4	2	2
3	5	2	1	3	6	5	2	4	1
3	5	3	3	2	1	1	5	6	4
3	6	1	5	2	2	3	6	5	5
3	6	2	2	1	3	2	6	3	3
3	6	3	4	5	4	4	3	1	2
3	7	1	3	3	2	6	2	6	4
3	7	2	1	4	5	3	1	2	3
3	7	3	5	2	3	5	4	4	1
4	1	1	3	1	5	1	2	5	2
4	1	2	2	5	4	6	3	3	5
4	1	3	4	3	1	4	1	1	1
4	2	1	5	1	6	2	5	2	3
4	2	2	1	2	4	5	3	5	4
4	2	3	3	5	3	4	4	3	5
4	3	1	4	3	1	1	1	4	2
4	3	2	3	4	6	6	6	1	2
4	3	3	2	4	2	1	3	6	1
4	4	1	2	1	2	4	2	2	4
4	4	2	1	2	4	3	5	6	3
4	4	3	5	5	5	5	4	3	5
4	5	1	2	4	6	3	1	5	2
4	5	2	4	2	5	6	5	1	5
4	5	3	1	5	1	2	6	4	4
4	6	1	5	4	1	4	5	3	2
4	6	2	3	1	6	3	1	6	1
4	6	3	5	3	3	1	2	2	3
4	7	1	3	1	2	1	6	4	5
4	7	2	4	3	3	6	3	5	3
4	7	3	2	2	6	2	2	1	1
5	1	1	4	5	4	5	4	2	4
5	1	2	2	1	5	2	3	4	3
5	1	3	1	3	3	3	6	6	2
5	2	1	3	5	2	3	5	5	1
5	2	2	3	2	1	5	4	1	5
5	2	3	1	4	4	6	1	3	4
5	3	1	1	1	5	5	5	1	1
5	3	2	5	5	2	4	3	2	2
5	3	3	4	3	6	2	4	5	5
5	4	1	5	2	4	1	1	5	3
5	4	2	2	4	1	4	6	6	4
5	4	3	3	1	3	5	2	4	2
5	5	1	4	3	4	6	6	3	1
5	5	2	5	4	1	2	4	6	3
5	5	3	1	2	3	1	2	1	5
5	6	1	5	4	5	3	6	2	5
5	6	2	1	2	2	4	5	4	3
5	6	3	2	5	6	6	3	3	4
5	7	1	4	3	4	2	1	6	4
5	7	2	2	1	2	3	4	3	1
5	7	3	3	5	6	5	5	4	2
6	1	1	5	1	3	4	2	2	2
6	1	2	4	4	1	1	3	5	5
6	1	3	3	3	5	6	1	1	3
6	2	1	1	5	4	4	6	2	1
6	2	2	4	4	2	5	3	3	2
6	2	3	2	2	1	3	2	5	4
6	3	1	2	2	1	2	1	3	3
6	3	2	5	5	3	6	5	1	4
6	3	3	3	3	6	1	4	6	1
6	4	1	1	1	5	6	3	4	5
6	4	2	3	4	4	4	2	5	3
6	4	3	2	3	3	3	5	1	2
6	5	1	4	1	5	5	6	6	1
6	5	2	5	5	3	2	1	4	5
6	5	3	1	2	6	1	4	2	1
6	6	1	1	5	2	5	6	3	3
6	6	2	5	3	2	1	2	1	4
6	6	3	4	2	4	3	5	4	2
6	7	1	3	1	3	2	3	5	2
6	7	2	2	4	1	6	5	2	5
6	7	3	5	2	6	4	4	6	4
7	1	1	4	5	5	1	6	1	4
7	1	2	3	3	2	2	1	3	1
7	1	3	2	1	4	5	3	2	3
7	2	1	5	2	1	6	1	5	1
7	2	2	1	4	3	3	4	4	5
7	2	3	2	5	5	4	4	6	4
7	3	1	5	3	4	3	3	4	2
7	3	2	4	1	6	1	5	5	5
7	3	3	3	4	5	5	2	1	3
7	4	1	2	2	6	6	6	2	3
7	4	2	4	1	1	2	2	6	4
7	4	3	1	4	2	4	1	3	2
7	5	1	1	5	1	2	2	1	1
7	5	2	1	4	3	1	4	6	2
7	5	3	3	3	2	3	3	2	5
7	6	1	4	2	6	4	6	3	5
7	6	2	5	5	5	6	5	5	3
7	6	3	2	3	2	5	1	6	4
7	7	1	3	4	3	2	1	2	4
7	7	2	5	3	1	3	3	1	2
7	7	3	2	1	4	1	5	4	1
8	1	1	1	5	6	5	6	4	2
8	1	2	3	1	4	6	2	3	1
8	1	3	4	2	5	5	4	5	3
8	2	1	5	2	4	2	6	5	1
8	2	2	1	3	1	4	4	1	5
8	2	3	4	4	5	3	2	3	4
8	3	1	5	1	6	4	1	3	3
8	3	2	2	4	2	6	5	6	5
8	3	3	3	5	2	1	6	2	3
8	4	1	1	5	3	6	1	6	5
8	4	2	2	3	3	1	5	5	4
8	4	3	4	2	5	2	3	4	2
8	5	1	2	3	6	5	2	4	3
8	5	2	1	1	1	4	3	1	1
8	5	3	3	2	6	3	4	2	4
8	6	1	5	4	4	5	1	6	5
8	6	2	3	1	1	4	5	2	4
8	6	3	4	5	3	6	2	4	1
8	7	1	2	1	5	1	3	3	2
8	7	2	1	3	4	2	6	1	2
8	7	3	3	5	2	3	4	1	3
9	1	1	2	2	5	4	2	5	5
9	1	2	4	4	2	5	4	4	1
9	1	3	5	2	3	6	3	2	4
9	2	1	3	4	4	1	5	3	5
9	2	2	1	1	1	3	1	5	3
9	2	3	4	5	6	2	2	2	2
9	3	1	5	3	4	2	6	6	3
9	3	2	4	1	3	3	1	1	5
9	3	3	3	2	5	6	6	4	1
9	4	1	1	2	1	5	2	3	2
9	4	2	5	5	2	4	4	6	1
9	4	3	2	3	6	1	5	5	4
9	5	1	5	1	6	6	4	4	5
9	5	2	1	5	3	2	5	6	3
9	5	3	3	4	4	4	3	2	1
9	6	1	1	1	5	3	1	5	2
9	6	2	4	4	1	1	3	3	4
9	6	3	2	3	2	5	2	1	5
9	7	1	5	4	5	2	6	3	1
9	7	2	3	5	1	6	1	4	2
9	7	3	4	2	3	4	6	2	3
10	1	1	1	4	4	6	4	1	4
10	1	2	2	5	6	3	3	5	4
10	1	3	3	2	2	5	5	6	2
10	2	1	5	1	6	3	2	6	1
10	2	2	2	3	1	1	6	2	5
10	2	3	4	3	5	4	5	3	3
10	3	1	3	3	2	6	3	5	5
10	3	2	5	1	4	1	4	1	3
10	3	3	2	4	3	2	1	4	1
10	4	1	3	5	3	2	2	6	5
10	4	2	1	3	5	4	5	2	2
10	4	3	4	2	4	5	1	3	4
10	5	1	5	4	6	5	6	5	4
10	5	2	4	1	2	4	3	1	1
10	5	3	2	5	1	1	4	4	3
10	6	1	1	3	1	2	4	4	4
10	6	2	4	5	5	1	1	2	2
10	6	3	1	2	3	3	3	6	3
10	7	1	5	1	2	6	6	3	2
10	7	2	3	4	3	3	5	5	1
10	7	3	2	2	6	1	2	6	5
11	1	1	1	4	2	2	5	5	5
11	1	2	5	1	1	6	2	2	2
11	1	3	2	5	4	5	3	1	3
11	2	1	3	1	3	5	6	5	4
11	2	2	3	2	6	3	4	1	2
11	2	3	2	3	5	4	1	4	1
11	3	1	4	3	4	2	5	4	3
11	3	2	1	2	2	1	1	1	1
11	3	3	5	5	5	3	3	3	5
11	4	1	2	5	3	4	4	6	2
11	4	2	1	4	2	6	2	3	4
11	4	3	4	1	1	5	6	2	5
11	5	1	5	2	1	5	5	2	1
11	5	2	3	4	6	2	6	1	3
11	5	3	4	3	4	3	2	5	2
11	6	1	3	2	4	6	1	6	5
11	6	2	1	1	5	1	4	3	4
11	6	3	3	3	6	4	3	4	1
11	7	1	5	4	4	4	2	5	3
11	7	2	4	1	6	1	3	1	3
11	7	3	2	5	1	3	1	3	4
12	1	1	4	3	2	6	4	5	5
12	1	2	5	5	1	5	6	4	4
12	1	3	2	2	5	2	5	6	1
12	2	1	2	1	2	2	4	1	2
12	2	2	5	3	6	4	5	3	5
12	2	3	1	4	3	1	2	2	3
12	3	1	3	5	4	4	1	3	4
12	3	2	4	2	3	6	3	2	1
12	3	3	1	4	5	3	6	4	2
12	4	1	1	1	2	3	5	4	3
12	4	2	2	4	1	5	3	6	1
12	4	3	3	5	5	2	2	2	4
12	5	1	5	3	6	5	1	5	2
12	5	2	5	2	3	1	6	1	5
12	5	3	4	1	4	3	4	6	4
12	6	1	2	4	3	5	4	3	1
12	6	2	1	3	6	6	6	6	2
12	6	3	3	2	1	4	3	1	3
12	7	1	5	5	2	6	2	4	5
12	7	2	4	1	4	1	1	2	1
12	7	3	1	5	6	2	3	5	4
13	1	1	2	3	4	5	2	2	5
13	1	2	4	2	1	2	5	6	2
13	1	3	3	4	5	1	5	4	3
13	2	1	4	2	2	4	1	4	2
13	2	2	5	1	5	3	2	3	4
13	2	3	2	4	3	6	6	1	3
13	3	1	3	3	4	3	4	2	1
13	3	2	3	1	3	4	6	5	5
13	3	3	1	5	2	5	1	5	3
13	4	1	1	5	1	1	4	2	5
13	4	2	4	4	6	6	3	3	2
13	4	3	5	3	5	2	5	1	4
13	5	1	5	5	5	1	3	6	2
13	5	2	3	2	4	5	4	3	5
13	5	3	2	2	2	2	2	1	1
13	6	1	2	5	5	3	6	5	1
13	6	2	4	1	1	6	1	6	3
13	6	3	5	3	3	4	5	4	4
13	7	1	2	4	2	3	1	1	4
13	7	2	3	3	4	1	6	3	2
13	7	3	1	1	6	6	5	2	5
14	1	1	5	4	3	2	4	5	1
14	1	2	4	2	6	4	2	4	3
14	1	3	1	3	4	5	3	6	4
14	2	1	1	1	6	5	5	1	1
14	2	2	4	4	1	3	3	4	5
14	2	3	2	5	4	4	2	5	2
14	3	1	4	5	6	2	1	6	1
14	3	2	5	2	3	6	4	3	3
14	3	3	3	1	2	1	6	2	3
14	4	1	1	3	2	1	2	3	4
14	4	2	3	4	1	4	5	6	2
14	4	3	2	2	5	5	4	4	5
14	5	1	3	3	5	3	1	2	3
14	5	2	2	1	1	2	3	5	4
14	5	3	4	5	3	5	6	1	2
14	6	1	5	2	2	6	3	2	1
14	6	2	1	4	4	4	4	5	5
14	6	3	3	5	3	1	5	4	4
14	7	1	2	2	5	6	2	6	1
14	7	2	1	4	6	3	1	1	5
14	7	3	2	1	1	2	6	3	3
15	1	1	5	2	2	3	1	4	4
15	1	2	3	5	5	6	5	1	1
15	1	3	4	3	4	2	4	2	2
15	2	1	4	3	3	1	3	6	3
15	2	2	1	4	1	4	2	5	5
15	2	3	5	1	4	5	1	3	2
15	3	1	4	3	6	3	6	3	1
15	3	2	3	1	2	2	3	4	5
15	3	3	1	2	5	5	6	2	4
15	4	1	2	4	6	1	5	5	3
15	4	2	5	4	1	6	4	1	2
15	4	3	2	5	3	4	2	4	1
15	5	1	4	2	5	6	5	5	4
15	5	2	3	3	1	3	2	6	3
15	5	3	5	1	6	5	6	6	5
15	6	1	3	2	3	4	3	1	4
15	6	2	1	5	4	2	5	3	2
15	6	3	5	3	2	1	1	2	1
15	7	1	4	4	5	2	4	2	5
15	7	2	5	5	2	1	3	6	2
15	7	3	2	1	6	6	4	4	3
16	1	1	3	3	1	1	2	5	1
16	1	2	4	5	3	5	1	3	3
16	1	3	1	2	4	4	6	1	5
16	2	1	2	1	4	6	6	4	4
16	2	2	3	4	6	5	2	5	2
16	2	3	1	2	3	3	5	3	2
16	3	1	1	1	4	4	4	6	4
16	3	2	2	4	5	2	3	2	2
16	3	3	4	5	2	3	5	6	5
16	4	1	5	3	3	6	1	1	3
16	4	2	1	1	1	3	6	5	1
16	4	3	3	5	6	4	1	3	5
16	5	1	5	3	1	2	2	3	3
16	5	2	4	4	2	5	3	4	4
16	5	3	2	2	4	1	1	6	2
16	6	1	3	3	5	5	4	1	1
16	6	2	1	2	3	2	3	5	3
16	6	3	2	5	2	3	5	2	4
16	7	1	5	1	5	4	4	3	1
16	7	2	4	4	6	1	2	1	5
16	7	3	4	2	1	6	6	4	4
17	1	1	5	4	4	6	5	4	1
17	1	2	1	5	6	4	3	2	3
17	1	3	2	1	3	2	1	6	5
17	2	1	5	2	2	3	2	2	1
17	2	2	3	3	1	5	6	1	2
17	2	3	4	4	3	1	4	5	2
17	3	1	1	5	4	2	4	5	3
17	3	2	2	3	5	6	6	1	5
17	3	3	3	1	2	5	1	2	4
17	4	1	5	4	1	1	3	4	4
17	4	2	3	1	5	3	2	6	3
17	4	3	4	2	6	4	5	3	5
17	5	1	1	3	3	5	2	4	1
17	5	2	2	4	2	4	6	2	2
17	5	3	5	5	6	6	3	1	4
17	6	1	2	5	1	3	5	3	3
17	6	2	4	1	5	1	1	5	1
17	6	3	1	2	3	2	4	6	2
17	7	1	2	3	4	6	5	2	5
17	7	2	1	5	1	5	1	5	1
17	7	3	3	4	5	4	6	6	4
18	1	1	4	1	2	3	4	1	3
18	1	2	3	2	3	1	2	3	5
18	1	3	5	3	4	2	3	4	2
18	2	1	2	1	1	6	4	4	2
18	2	2	5	2	6	2	2	1	4
18	2	3	1	3	5	5	3	3	3
18	3	1	5	2	2	4	1	5	2
18	3	2	4	1	4	2	5	2	5
18	3	3	3	5	2	1	6	6	1
18	4	1	2	3	6	4	1	5	5
18	4	2	4	4	3	5	5	1	4
18	4	3	3	4	4	3	3	2	1
18	5	1	2	3	1	3	4	3	4
18	5	2	4	4	6	1	6	6	3
18	5	3	1	5	5	6	2	4	2
18	6	1	5	2	1	5	3	5	5
18	6	2	3	5	6	3	4	3	1
18	6	3	1	1	2	2	2	6	3
18	7	1	2	5	3	4	6	2	1
18	7	2	5	4	4	1	1	4	3
18	7	3	1	3	5	6	3	6	4
19	1	1	4	3	2	4	6	5	5
19	1	2	2	2	1	5	5	3	1
19	1	3	3	1	4	3	5	1	2
19	2	1	5	5	3	5	4	2	3
19	2	2	1	4	6	6	4	1	4
19	2	3	4	2	5	1	2	4	2
19	3	1	1	1	4	1	2	1	4
19	3	2	3	5	1	2	1	2	5
19	3	3	2	1	3	4	3	6	1
19	4	1	5	4	5	3	1	5	5
19	4	2	4	3	2	4	4	3	3
19	4	3	1	2	6	6	6	4	2
19	5	1	3	2	1	2	5	3	4
19	5	2	3	4	4	6	6	5	3
19	5	3	2	1	6	3	3	2	2
19	6	1	3	2	6	2	2	4	3
19	6	2	4	5	3	5	1	1	1
19	6	3	5	3	2	1	5	6	5
19	7	1	1	3	1	1	4	4	1
19	7	2	4	4	2	2	2	3	4
19	7	3	2	5	5	4	1	1	2
20	1	1	4	1	3	6	6	5	2
20	1	2	5	2	4	3	3	6	5
20	1	3	2	4	1	5	5	2	3
20	2	1	1	3	4	6	2	5	1
20	2	2	5	1	5	1	5	2	4
20	2	3	3	5	5	2	3	3	5
20	3	1	3	5	6	4	4	4	4
20	3	2	2	3	3	5	1	6	2
20	3	3	5	4	2	3	6	1	3
20	4	1	4	1	6	4	5	4	1
20	4	2	3	4	1	6	3	6	2
20	4	3	1	2	4	3	6	4	5
20	5	1	5	1	2	5	4	5	5
20	5	2	1	2	6	1	1	3	4
20	5	3	4	3	5	2	3	2	1
20	6	1	1	1	1	1	6	3	1
20	6	2	4	5	3	3	2	1	3
20	6	3	2	2	4	2	1	1	4
20	7	1	3	2	1	5	4	2	5
20	7	2	1	5	5	6	5	5	3
20	7	3	5	4	3	4	2	6	2
21	1	1	5	1	6	2	6	6	4
21	1	2	4	5	4	4	4	4	3
21	1	3	2	3	2	3	2	3	5
21	2	1	2	4	2	6	1	3	1
21	2	2	4	1	3	5	5	2	4
21	2	3	3	3	5	1	1	1	2
21	3	1	3	4	1	2	6	5	1
21	3	2	1	2	6	3	2	5	2
21	3	3	2	5	4	1	3	1	5
21	4	1	1	5	2	4	5	4	1
21	4	2	5	3	3	6	3	2	3
21	4	3	4	4	5	5	5	6	5
21	5	1	2	1	5	4	4	5	4
21	5	2	3	2	4	1	4	2	2
21	5	3	5	3	3	3	6	4	4
21	6	1	2	4	6	5	2	6	3
21	6	2	5	3	1	6	3	3	1
21	6	3	1	1	4	2	1	4	5
21	7	1	4	5	1	1	2	6	2
21	7	2	1	4	6	6	1	2	4
21	7	3	3	2	2	2	5	1	3
22	1	1	3	3	5	5	1	1	5
22	1	2	2	2	3	3	3	3	1
22	1	3	5	5	2	2	6	5	2
22	2	1	3	1	3	1	4	4	4
22	2	2	4	1	1	4	3	2	3
22	2	3	4	5	4	6	6	1	1
22	3	1	5	3	6	5	4	5	1
22	3	2	1	4	2	3	5	6	2
22	3	3	2	5	5	6	2	2	5
22	4	1	1	2	1	4	3	1	3
22	4	2	4	3	5	3	6	6	4
22	4	3	3	1	3	2	2	3	5
22	5	1	2	2	4	5	1	4	3
22	5	2	1	4	2	1	3	5	1
22	5	3	5	1	6	4	1	3	2
22	6	1	5	5	4	2	4	6	3
22	6	2	3	3	3	6	5	5	2
22	6	3	2	1	6	1	6	1	5
22	7	1	4	4	2	4	2	2	4
22	7	2	1	5	5	5	5	3	3
22	7	3	4	2	5	3	4	4	5
23	1	1	5	2	1	6	5	6	4
23	1	2	3	4	6	2	1	2	1
23	1	3	2	3	2	4	4	1	2
23	2	1	4	3	1	1	6	5	4
23	2	2	5	1	4	5	2	5	3
23	2	3	3	4	3	3	3	3	5
23	3	1	5	4	1	4	5	1	5
23	3	2	2	2	3	1	6	3	1
23	3	3	1	5	2	5	2	4	2
23	4	1	4	2	3	2	1	5	2
23	4	2	3	1	5	6	3	6	4
23	4	3	1	3	6	3	4	2	3
23	5	1	4	5	4	6	2	4	1
23	5	2	2	3	6	5	5	6	2
23	5	3	5	4	5	2	1	3	1
23	6	1	2	4	3	3	4	1	4
23	6	2	3	5	1	1	3	4	5
23	6	3	1	2	4	4	6	2	3
23	7	1	3	1	2	6	4	3	3
23	7	2	2	5	4	2	5	5	4
23	7	3	4	3	6	3	3	1	1
24	1	1	1	4	5	4	1	6	5
24	1	2	3	2	2	1	5	2	2
24	1	3	5	1	1	5	2	4	5
24	2	1	2	3	2	2	1	4	3
24	2	2	5	5	6	3	6	2	1
24	2	3	4	1	1	6	4	5	2
24	3	1	1	5	1	4	6	1	2
24	3	2	1	1	3	1	3	6	5
24	3	3	4	2	4	5	2	3	4
24	4	1	2	4	3	6	2	1	4
24	4	2	1	3	2	2	4	6	1
24	4	3	5	2	5	4	6	3	3
24	5	1	2	1	5	1	5	4	3
24	5	2	3	5	6	5	3	5	2
24	5	3	5	2	4	3	2	2	5
24	6	1	2	2	2	5	3	5	3
24	6	2	3	3	1	6	1	4	4
24	6	3	4	4	5	2	5	1	1
24	7	1	5	5	6	1	4	6	4
24	7	2	3	4	4	5	1	4	1
24	7	3	4	3	3	3	6	2	5
25	1	1	1	3	3	6	2	2	4
25	1	2	4	1	6	4	3	3	2
25	1	3	3	1	4	3	5	6	1
25	2	1	5	4	3	2	6	5	5
25	2	2	1	2	5	1	1	1	3
25	2	3	2	5	1	3	4	3	2
25	3	1	2	1	5	4	2	5	1
25	3	2	4	2	2	6	4	6	5
25	3	3	5	5	2	5	3	2	4
25	4	1	3	3	1	4	5	4	3
25	4	2	2	3	6	2	2	1	2
25	4	3	1	4	4	1	6	3	4
25	5	1	1	1	5	5	3	1	2
25	5	2	3	2	3	6	1	6	3
25	5	3	4	5	2	2	6	2	5
25	6	1	5	4	1	1	2	4	1
25	6	2	3	2	4	3	5	5	4
25	6	3	4	4	6	1	4	3	3
25	7	1	2	1	4	2	6	4	1
25	7	2	1	3	1	4	1	3	5
25	7	3	5	5	2	1	5	1	2
26	1	1	1	2	5	3	4	2	1
26	1	2	4	5	6	5	1	6	4
26	1	3	2	4	2	6	3	4	5
26	2	1	5	1	3	3	1	5	2
26	2	2	3	4	6	4	6	6	3
26	2	3	2	3	1	5	5	2	1
26	3	1	1	2	1	6	2	1	5
26	3	2	5	5	3	4	4	5	4
26	3	3	3	1	4	2	3	3	2
26	4	1	5	2	5	1	3	4	2
26	4	2	2	4	4	6	4	2	1
26	4	3	4	3	5	5	6	3	3
26	5	1	3	3	6	4	5	1	5
26	5	2	1	1	2	1	2	2	3
26	5	3	4	5	1	3	1	5	4
26	6	1	1	4	3	5	4	4	5
26	6	2	3	5	5	3	2	6	2
26	6	3	4	2	3	2	5	5	1
26	7	1	1	3	3	6	1	3	4
26	7	2	2	3	4	4	3	6	3
26	7	3	5	1	2	2	6	1	1
27	1	1	5	5	6	6	5	5	5
27	1	2	3	4	5	5	6	2	4
27	1	3	4	4	1	3	1	1	3
27	2	1	5	5	4	1	1	6	3
27	2	2	4	1	2	3	2	4	2
27	2	3	2	2	6	2	4	3	4
27	3	1	3	2	6	4	3	5	1
27	3	2	2	1	2	5	6	6	5
27	3	3	1	3	4	2	4	1	2
27	4	1	3	2	3	1	2	2	4
27	4	2	1	1	1	6	5	3	2
27	4	3	5	3	5	4	3	4	4
27	5	1	2	4	1	2	1	2	3
27	5	2	4	5	4	3	3	1	5
27	5	3	1	2	6	1	5	5	1
27	6	1	3	5	2	6	6	3	1
27	6	2	4	1	5	5	2	6	3
27	6	3	1	4	3	4	4	4	2
27	7	1	2	3	4	1	6	4	5
27	7	2	4	2	2	2	3	3	4
27	7	3	5	1	3	5	2	1	1
28	1	1	5	3	6	6	1	2	3
28	1	2	2	4	5	3	2	5	5
28	1	3	3	2	1	4	4	6	1
28	2	1	2	5	3	4	5	4	2
28	2	2	3	4	5	2	4	1	5
28	2	3	1	3	2	3	3	5	4
28	3	1	5	4	4	5	5	3	2
28	3	2	4	5	6	1	1	2	5
28	3	3	2	1	1	3	6	4	3
28	4	1	3	3	3	1	4	3	1
28	4	2	1	5	1	6	6	6	3
28	4	3	4	2	2	4	1	5	2
28	5	1	4	5	6	2	2	6	1
28	5	2	5	1	4	5	3	2	4
28	5	3	5	3	5	3	5	4	3
28	6	1	1	4	6	2	3	2	2
28	6	2	2	2	5	1	1	6	1
28	6	3	3	1	4	6	5	1	4
28	7	1	3	4	5	6	6	5	3
28	7	2	5	2	3	5	4	3	5
28	7	3	2	1	2	4	1	1	4
29	1	1	1	3	4	4	5	3	5
29	1	2	3	5	2	5	2	1	4
29	1	3	4	5	1	6	4	5	2
29	2	1	4	1	1	6	6	2	5
29	2	2	1	3	3	2	2	6	1
29	2	3	2	2	6	3	3	4	2
29	3	1	5	2	1	2	2	6	4
29	3	2	5	4	4	1	1	1	3
29	3	3	1	1	6	3	4	2	1
29	4	1	2	3	2	5	6	5	3
29	4	2	4	5	3	1	5	3	3
29	4	3	3	4	5	4	2	4	2
29	5	1	2	1	3	1	3	5	5
29	5	2	1	5	5	2	6	4	5
29	5	3	4	2	4	6	3	6	1
29	6	1	3	3	1	5	5	6	2
29	6	2	5	4	2	3	4	2	4
29	6	3	1	1	6	4	1	3	5
29	7	1	2	4	6	6	4	3	3
29	7	2	3	5	3	3	1	4	1
29	7	3	4	3	4	4	2	1	2
30	1	1	5	2	5	2	5	1	4
30	1	2	5	3	1	1	6	5	2
30	1	3	1	4	2	5	3	6	5
30	2	1	4	5	5	1	3	1	4
30	2	2	3	1	2	6	1	4	1
30	2	3	2	2	3	4	6	2	3
30	3	1	4	2	4	1	4	2	2
30	3	2	1	1	6	2	5	5	3
30	3	3	3	5	1	3	2	3	5
30	4	1	2	4	4	5	2	3	4
30	4	2	1	5	1	3	3	1	3
30	4	3	5	3	2	4	5	4	1
30	5	1	4	3	5	6	1	2	2
30	5	2	2	2	6	5	6	6	5
30	5	3	3	1	2	2	4	5	4
30	6	1	3	4	3	2	3	4	3
30	6	2	1	5	5	4	5	2	1
30	6	3	5	3	4	1	2	5	1
30	7	1	2	2	6	3	6	4	2
30	7	2	4	4	6	5	1	1	4
30	7	3	5	1	3	6	4	6	5
31	1	1	5	5	5	2	6	3	2
31	1	2	2	1	1	5	3	1	1
31	1	3	4	4	2	4	5	6	3
31	2	1	1	3	4	1	1	5	4
31	2	2	3	2	1	3	1	2	5
31	2	3	5	4	5	6	2	3	1
31	3	1	3	5	6	4	6	4	4
31	3	2	4	2	2	6	2	5	3
31	3	3	2	3	3	5	4	1	5
31	4	1	5	5	4	2	4	6	3
31	4	2	4	3	1	3	3	3	1
31	4	3	2	1	3	1	5	2	2
31	5	1	3	1	5	4	4	6	4
31	5	2	1	4	3	3	5	1	4
31	5	3	1	2	2	6	6	3	2
31	6	1	5	2	6	5	3	4	5
31	6	2	4	3	1	2	1	2	5
31	6	3	2	5	4	4	2	5	1
31	7	1	4	1	5	2	4	4	3
31	7	2	1	3	1	1	6	6	4
31	7	3	3	4	3	1	3	2	2
32	1	1	3	5	2	1	4	1	3
32	1	2	1	4	4	3	5	2	2
32	1	3	5	1	6	5	1	3	1
32	2	1	4	4	2	5	6	4	1
32	2	2	2	5	6	6	5	5	5
32	2	3	1	2	5	3	2	5	3
32	3	1	3	3	4	6	2	6	4
32	3	2	5	4	1	1	2	3	2
32	3	3	2	2	2	4	1	1	5
32	4	1	1	5	5	3	1	6	2
32	4	2	5	1	1	2	6	1	1
32	4	3	4	3	3	6	3	4	3
32	5	1	2	4	3	2	3	6	2
32	5	2	1	1	6	4	2	2	5
32	5	3	3	2	5	5	5	5	4
32	6	1	5	1	3	3	1	4	4
32	6	2	3	3	6	5	2	1	3
32	6	3	2	5	4	2	4	3	1
32	7	1	4	2	1	4	5	2	3
32	7	2	2	1	4	1	3	5	5
32	7	3	3	3	2	3	6	3	4
33	1	1	1	2	5	6	4	1	5
33	1	2	4	4	6	5	6	4	2
33	1	3	5	5	1	4	2	2	4
33	2	1	4	4	4	4	1	6	1
33	2	2	1	2	2	1	3	3	1
33	2	3	3	5	3	5	4	5	3
33	3	1	2	1	3	2	1	3	2
33	3	2	5	2	6	1	3	1	3
33	3	3	5	3	5	6	5	4	5
33	4	1	2	1	2	3	5	6	1
33	4	2	3	4	4	6	6	1	3
33	4	3	4	3	1	2	4	5	2
33	5	1	4	1	4	2	2	3	5
33	5	2	1	5	5	5	3	2	4
33	5	3	2	3	6	3	4	6	2
33	6	1	5	3	2	6	4	4	5
33	6	2	1	4	1	4	1	5	4
33	6	3	3	5	3	1	6	2	1
33	7	1	3	1	4	6	3	2	3
33	7	2	5	2	3	4	6	1	4
33	7	3	1	2	1	5	5	4	1
34	1	1	4	4	2	3	5	3	3
34	1	2	2	5	5	1	1	5	5
34	1	3	1	1	6	2	2	1	2
34	2	1	3	4	1	2	3	5	1
34	2	2	5	2	4	3	1	6	2
34	2	3	4	3	6	1	5	3	4
34	3	1	2	5	3	6	4	4	4
34	3	2	2	2	5	5	6	2	2
34	3	3	1	4	2	4	2	6	5
34	4	1	4	1	2	1	4	4	1
34	4	2	5	5	1	6	5	6	5
34	4	3	3	3	5	4	6	3	3
34	5	1	3	4	6	2	3	5	4
34	5	2	2	3	4	4	2	2	1
34	5	3	1	1	3	3	1	1	3
34	6	1	4	5	3	5	6	6	5
34	6	2	5	1	5	5	1	3	2
34	6	3	1	2	6	2	2	4	3
34	7	1	2	3	2	2	5	2	4
34	7	2	4	5	4	6	3	5	5
34	7	3	3	4	1	1	4	1	5
35	1	1	5	3	3	4	3	2	3
35	1	2	5	2	4	3	6	6	2
35	1	3	2	4	5	1	4	5	1
35	2	1	3	1	2	5	2	3	2
35	2	2	3	5	1	1	1	4	4
35	2	3	4	2	3	6	5	1	1
35	3	1	2	4	5	2	1	4	5
35	3	2	1	1	6	3	6	6	3
35	3	3	5	5	2	6	3	2	2
35	4	1	1	3	1	5	2	5	4
35	4	2	4	1	4	4	4	6	4
35	4	3	5	2	6	1	5	3	1
35	5	1	2	2	1	5	4	3	3
35	5	2	4	3	3	3	5	1	5
35	5	3	3	4	6	6	2	2	2
35	6	1	2	2	2	6	1	5	4
35	6	2	1	5	3	4	3	1	1
35	6	3	1	5	4	2	6	4	1
35	7	1	3	1	4	3	6	5	5
35	7	2	4	4	1	5	4	2	2
35	7	3	5	5	5	4	2	3	3
36	1	1	3	3	2	2	1	6	5
36	1	2	4	1	5	3	3	4	4
36	1	3	5	4	6	1	5	1	1
36	2	1	1	2	2	5	4	2	5
36	2	2	3	1	4	6	5	1	2
36	2	3	2	3	1	1	2	4	3
36	3	1	5	5	3	3	2	5	3
36	3	2	1	3	2	4	3	3	2
36	3	3	4	2	5	2	6	6	4
36	4	1	2	4	4	1	6	3	4
36	4	2	2	5	1	4	3	1	5
36	4	3	4	1	6	6	1	5	1
36	5	1	5	4	5	4	4	6	3
36	5	2	3	2	3	5	1	4	2
36	5	3	1	3	3	2	2	2	1
36	6	1	2	4	2	6	1	4	3
36	6	2	3	3	6	3	3	5	1
36	6	3	1	1	1	2	5	2	5
36	7	1	1	4	4	5	6	3	3
36	7	2	5	2	4	3	2	6	4
36	7	3	4	5	5	1	4	1	2
37	1	1	5	5	6	2	5	4	5
37	1	2	3	2	3	1	5	3	4
37	1	3	2	1	1	6	3	6	1
37	2	1	3	1	5	6	2	2	1
37	2	2	2	3	6	4	6	1	2
37	2	3	4	5	2	5	1	5	4
37	3	1	5	3	6	3	4	3	5
37	3	2	4	2	1	4	6	1	2
37	3	3	1	4	3	3	5	5	3
37	4	1	2	4	3	2	3	6	1
37	4	2	1	3	5	5	4	4	4
37	4	3	3	2	2	1	1	2	3
37	5	1	5	1	4	4	4	5	2
37	5	2	3	3	5	1	5	6	1
37	5	3	4	5	6	3	3	3	5
37	6	1	5	1	1	5	1	1	3
37	6	2	4	2	4	2	2	2	5
37	6	3	1	4	2	6	6	4	2
37	7	1	2	5	6	6	2	6	4
37	7	2	5	5	2	2	6	5	1
37	7	3	4	4	4	1	3	4	5
38	1	1	2	1	1	4	4	1	4
38	1	2	1	3	4	5	1	2	3
38	1	3	3	2	5	1	5	3	2
38	2	1	5	4	3	4	6	5	5
38	2	2	1	1	3	6	4	3	2
38	2	3	2	2	2	3	2	1	3
38	3	1	4	3	1	3	5	6	4
38	3	2	3	5	4	5	1	2	1
38	3	3	5	3	6	2	3	4	4
38	4	1	4	2	5	2	4	5	3
38	4	2	1	5	2	1	1	6	5
38	4	3	2	4	1	3	5	2	2
38	5	1	1	2	3	4	1	3	1
38	5	2	3	1	6	5	6	4	5
38	5	3	5	4	5	6	2	1	4
38	6	1	2	5	5	6	3	3	3
38	6	2	4	1	1	4	2	6	1
38	6	3	3	3	3	3	6	5	2
38	7	1	1	5	4	5	5	1	1
38	7	2	4	1	2	1	4	4	4
38	7	3	5	3	6	2	1	2	3
39	1	1	3	2	1	2	3	3	5
39	1	2	5	4	4	5	4	6	1
39	1	3	2	5	5	1	2	2	2
39	2	1	4	4	3	4	5	1	5
39	2	2	1	1	6	6	3	4	3
39	2	3	2	3	2	2	6	2	4
39	3	1	3	2	4	6	4	5	2
39	3	2	5	4	5	3	2	4	1
39	3	3	1	5	6	3	6	3	4
39	4	1	3	1	2	2	5	1	3
39	4	2	3	2	1	4	1	6	5
39	4	3	4	3	3	5	3	5	2
39	5	1	2	1	4	1	5	5	4
39	5	2	5	2	2	3	3	2	1
39	5	3	1	3	3	6	4	6	5
39	6	1	2	5	3	5	2	3	3
39	6	2	4	4	1	1	1	3	2
39	6	3	1	1	5	4	6	2	5
39	7	1	3	4	1	1	6	6	3
39	7	2	2	2	6	4	1	4	2
39	7	3	5	5	2	5	5	1	1
40	1	1	4	3	5	6	1	1	4
40	1	2	3	3	6	2	4	5	1
40	1	3	2	5	4	3	3	4	3
40	2	1	5	1	2	1	3	1	2
40	2	2	4	2	6	4	2	4	4
40	2	3	2	4	5	5	5	2	5
40	3	1	1	2	3	2	6	5	4
40	3	2	1	5	1	6	4	3	1
40	3	3	3	3	2	3	2	1	5
40	4	1	4	4	4	4	4	2	3
40	4	2	5	1	1	2	5	4	5
40	4	3	1	1	3	1	3	6	2
40	5	1	4	4	6	6	6	3	1
40	5	2	3	5	4	3	1	6	2
40	5	3	2	3	5	5	5	5	4
40	6	1	5	3	6	1	2	5	3
40	6	2	4	2	5	3	3	6	1
40	6	3	3	5	3	2	6	2	4
40	7	1	1	4	4	4	1	1	4
40	7	2	5	4	1	6	2	3	5
40	7	3	2	2	2	5	4	6	3
41	1	1	5	5	1	2	4	3	3
41	1	2	4	2	5	1	6	1	5
41	1	3	3	1	4	4	1	4	2
41	2	1	2	4	6	6	3	6	2
41	2	2	5	1	5	3	5	2	4
41	2	3	1	3	3	5	2	4	1
41	3	1	4	5	2	4	2	5	2
41	3	2	2	3	4	3	4	4	1
41	3	3	1	2	6	5	3	2	3
41	4	1	5	3	1	6	6	5	2
41	4	2	3	4	3	1	5	4	5
41	4	3	2	1	2	2	1	3	5
41	5	1	3	2	5	6	4	1	1
41	5	2	1	5	6	1	5	1	4
41	5	3	4	1	1	4	2	5	3
41	6	1	3	1	4	5	6	3	4
41	6	2	5	5	3	2	1	6	2
41	6	3	4	4	2	3	1	2	3
41	7	1	4	5	5	2	5	4	2
41	7	2	1	3	2	5	3	6	1
41	7	3	2	2	4	3	2	3	5
42	1	1	2	3	3	1	4	2	5
42	1	2	5	2	4	4	3	1	4
42	1	3	1	4	6	4	6	5	1
42	2	1	5	2	1	3	6	4	1
42	2	2	4	1	1	6	5	5	3
42	2	3	3	5	2	5	4	1	2
42	3	1	2	2	6	6	5	3	5
42	3	2	1	4	3	2	2	6	4
42	3	3	3	3	5	4	3	2	3
42	4	1	2	5	6	3	6	1	3
42	4	2	4	1	3	1	2	3	1
42	4	3	1	3	4	1	1	5	5
42	5	1	3	1	5	5	4	6	5
42	5	2	2	4	1	2	3	5	2
42	5	3	5	1	2	6	1	2	4
42	6	1	5	4	3	4	3	3	4
42	6	2	3	3	6	5	5	6	3
42	6	3	1	2	1	2	4	4	2
42	7	1	5	4	2	1	2	4	3
42	7	2	4	5	5	3	1	1	1
42	7	3	2	1	3	6	6	2	5
43	1	1	3	5	2	4	4	3	4
43	1	2	4	2	4	6	6	6	1
43	1	3	1	3	5	2	3	1	2
43	2	1	1	2	1	1	5	2	1
43	2	2	5	1	6	5	1	5	2
43	2	3	3	4	3	3	2	4	4
43	3	1	2	5	1	5	3	4	4
43	3	2	2	5	6	1	2	5	5
43	3	3	4	3	4	2	6	3	3
43	4	1	1	4	2	6	5	1	1
43	4	2	5	5	4	4	5	5	5
43	4	3	3	3	5	3	4	2	2
43	5	1	4	2	1	5	1	1	1
43	5	2	1	4	2	3	4	2	4
43	5	3	2	1	5	4	6	6	3
43	6	1	5	1	3	3	2	6	5
43	6	2	4	3	4	1	3	3	2
43	6	3	3	2	6	6	1	4	3
43	7	1	4	5	6	5	2	2	5
43	7	2	3	4	5	2	1	3	1
43	7	3	1	1	1	1	6	1	3
44	1	1	4	3	2	4	5	4	4
44	1	2	5	4	6	2	3	6	5
44	1	3	2	2	3	4	4	5	2
44	2	1	3	1	5	2	3	5	4
44	2	2	2	5	4	6	5	2	1
44	2	3	5	3	2	1	6	6	2
44	3	1	4	3	3	4	1	4	5
44	3	2	1	5	1	3	4	1	3
44	3	3	1	2	4	6	2	3	2
44	4	1	3	2	3	5	3	6	3
44	4	2	5	4	6	2	5	2	4
44	4	3	2	1	5	1	4	5	1
44	5	1	5	3	1	6	6	1	5
44	5	2	4	4	4	5	4	4	3
44	5	3	3	2	2	3	2	3	1
44	6	1	1	1	1	6	1	6	4
44	6	2	1	2	5	5	5	5	5
44	6	3	2	5	2	3	6	2	2
44	7	1	5	4	5	5	1	4	2
44	7	2	2	3	4	2	2	3	3
44	7	3	3	5	6	4	6	1	1
45	1	1	4	1	3	1	4	1	1
45	1	2	5	2	4	1	3	2	4
45	1	3	3	3	2	4	2	4	5
45	2	1	2	2	6	6	1	4	3
45	2	2	4	4	3	2	5	6	2
45	2	3	1	5	1	3	3	3	5
45	3	1	3	5	3	4	3	5	3
45	3	2	4	1	6	3	4	3	4
45	3	3	2	3	1	2	2	1	1
45	4	1	5	1	4	1	5	2	2
45	4	2	4	4	2	6	3	5	1
45	4	3	1	4	5	5	6	6	3
45	5	1	5	3	2	5	5	3	2
45	5	2	1	1	4	2	2	4	5
45	5	3	2	5	1	4	1	6	4
45	6	1	2	2	6	1	4	5	4
45	6	2	3	5	3	6	1	2	1
45	6	3	5	2	5	3	6	1	5
45	7	1	3	4	6	6	2	1	2
45	7	2	1	1	5	1	1	3	4
45	7	3	4	3	3	1	6	4	3
46	1	1	5	4	1	4	4	2	5
46	1	2	1	5	2	3	5	6	3
46	1	3	2	1	4	2	3	1	4
46	2	1	4	2	3	5	5	5	2
46	2	2	2	4	5	4	2	5	1
46	2	3	3	3	4	3	3	3	5
46	3	1	1	1	2	5	6	4	2
46	3	2	4	2	6	2	4	2	4
46	3	3	5	3	1	6	1	5	5
46	4	1	4	4	4	3	1	2	2
46	4	2	2	1	3	4	5	6	1
46	4	3	3	5	1	1	3	6	3
46	5	1	5	3	5	6	6	3	4
46	5	2	1	5	6	2	4	4	3
46	5	3	3	2	2	2	1	1	2
46	6	1	1	4	2	3	4	5	5
46	6	2	3	1	6	4	5	6	3
46	6	3	4	5	1	5	2	4	1
46	7	1	5	5	5	5	4	3	1
46	7	2	2	3	3	1	3	1	4
46	7	3	5	2	4	6	2	2	3
47	1	1	3	4	4	4	6	5	1
47	1	2	1	3	6	3	1	1	5
47	1	3	4	2	2	6	5	6	4
47	2	1	2	2	5	2	2	3	5
47	2	2	5	1	3	5	6	2	2
47	2	3	2	4	1	3	3	4	2
47	3	1	4	1	5	5	3	3	3
47	3	2	1	5	1	2	6	4	4
47	3	3	3	3	6	1	2	6	2
47	4	1	2	3	2	4	4	1	1
47	4	2	4	5	4	6	5	5	4
47	4	3	5	2	3	1	1	3	3
47	5	1	3	4	1	5	5	2	5
47	5	2	1	1	2	1	3	2	1
47	5	3	4	5	4	2	6	6	2
47	6	1	1	1	5	4	6	5	5
47	6	2	5	2	6	3	4	4	1
47	6	3	2	3	3	6	2	1	3
47	7	1	3	4	1	3	2	6	4
47	7	2	2	5	3	4	5	3	2
47	7	3	4	4	6	1	1	1	5
48	1	1	3	1	2	5	3	5	3
48	1	2	1	3	5	2	1	4	1
48	1	3	5	2	4	1	4	5	4
48	2	1	2	3	1	5	6	3	4
48	2	2	3	1	2	2	4	6	5
48	2	3	5	5	5	6	2	2	2
48	3	1	4	4	4	3	5	1	3
48	3	2	1	2	3	6	3	4	2
48	3	3	3	1	6	4	1	2	1
48	4	1	5	2	1	2	1	5	3
48	4	2	2	4	2	1	6	4	4
48	4	3	1	5	4	6	5	6	5
48	5	1	4	1	3	3	4	5	3
48	5	2	4	3	6	5	3	3	1
48	5	3	1	5	5	4	2	1	4
48	6	1	3	3	5	6	5	4	2
48	6	2	4	4	2	1	4	6	5
48	6	3	5	2	4	4	3	2	1
48	7	1	3	4	6	5	6	3	1
48	7	2	2	1	3	3	1	1	2
48	7	3	1	2	1	1	2	2	3
49	1	1	5	5	3	2	3	1	5
49	1	2	2	3	5	6	1	6	4
49	1	3	4	2	1	4	6	2	2
49	2	1	2	1	6	5	2	4	5
49	2	2	5	4	2	2	5	5	3
49	2	3	3	3	1	3	4	3	4
49	3	1	5	1	6	4	4	3	2
49	3	2	1	5	4	3	5	5	1
49	3	3	4	3	3	6	6	2	3
49	4	1	1	3	4	2	4	6	1
49	4	2	3	2	5	3	3	4	5
49	4	3	2	5	2	5	1	1	4
49	5	1	3	4	5	1	2	5	5
49	5	2	1	5	6	6	5	3	2
49	5	3	5	2	3	4	6	6	1
49	6	1	1	4	4	5	3	2	4
49	6	2	4	1	1	4	2	4	1
49	6	3	2	3	2	3	1	5	3
49	7	1	4	5	6	1	6	4	5
49	7	2	2	4	4	2	4	1	2
49	7	3	5	1	2	6	3	3	3
50	1	1	3	2	1	1	2	6	2
50	1	2	2	4	3	2	5	3	3
50	1	3	5	5	3	3	1	2	4
50	2	1	4	3	5	2	3	2	4
50	2	2	1	1	5	1	6	5	1
50	2	3	3	2	4	5	1	1	5
50	3	1	1	1	5	5	2	6	2
50	3	2	4	4	6	6	4	1	5
50	3	3	3	3	1	4	5	4	4
50	4	1	5	2	6	1	5	2	3
50	4	2	2	5	2	6	4	6	1
50	4	3	4	2	2	2	6	3	5
50	5	1	2	5	4	3	1	3	1
50	5	2	3	1	3	5	2	1	4
50	5	3	1	4	1	4	3	4	3
50	6	1	5	3	2	4	1	4	2
50	6	2	4	5	1	5	3	5	5
50	6	3	3	1	4	3	5	1	3
50	7	1	4	2	3	6	6	5	4
50	7	2	2	4	5	1	2	5	2
50	7	3	1	3	6	2	4	6	1
51	1	1	5	1	6	3	6	6	4
51	1	2	1	2	2	4	1	3	5
51	1	3	5	5	5	6	4	2	3
51	2	1	5	3	1	5	3	1	1
51	2	2	2	4	3	2	2	2	2
51	2	3	3	5	2	1	5	4	2
51	3	1	2	1	4	3	5	4	1
51	3	2	1	4	3	6	1	2	5
51	3	3	4	2	6	4	3	1	4
51	4	1	3	3	4	2	1	5	3
51	4	2	5	4	1	5	4	3	4
51	4	3	2	2	3	5	6	6	1
51	5	1	3	1	1	6	4	3	3
51	5	2	5	3	4	4	5	6	2
51	5	3	4	5	5	1	2	4	5
51	6	1	2	5	2	2	3	5	5
51	6	2	1	1	6	3	2	2	4
51	6	3	3	3	3	1	6	1	3
51	7	1	5	2	2	2	2	1	1
51	7	2	4	5	4	4	5	3	3
51	7	3	1	4	5	3	1	5	2
52	1	1	3	1	4	6	3	4	5
52	1	2	4	3	1	6	4	2	2
52	1	3	2	4	6	1	1	6	1
52	2	1	4	2	5	5	5	6	4
52	2	2	3	5	1	1	6	2	1
52	2	3	5	1	3	3	4	4	5
52	3	1	3	4	2	2	4	1	4
52	3	2	1	3	4	5	6	5	2
52	3	3	1	2	5	4	3	3	3
52	4	1	5	5	1	5	2	5	4
52	4	2	2	2	6	6	5	1	2
52	4	3	4	1	2	3	2	2	3
52	5	1	4	4	6	2	3	1	1
52	5	2	2	4	5	1	6	4	3
52	5	3	1	3	3	4	1	3	5
52	6	1	1	2	2	1	4	3	2
52	6	2	3	5	3	2	6	4	4
52	6	3	2	3	1	3	3	6	5
52	7	1	2	2	5	5	5	6	5
52	7	2	5	1	6	4	2	5	1
52	7	3	1	4	4	6	1	2	4
53	1	1	5	1	3	5	1	4	1
53	1	2	3	5	2	4	2	3	2
53	1	3	4	3	5	2	1	6	3
53	2	1	5	4	4	3	6	1	5
53	2	2	2	1	1	6	5	2	4
53	2	3	1	3	6	1	3	5	3
53	3	1	5	5	5	4	3	1	2
53	3	2	3	5	6	5	4	6	2
53	3	3	4	2	3	2	5	3	1
53	4	1	3	2	4	1	2	5	4
53	4	2	2	3	6	4	4	2	5
53	4	3	4	1	1	2	6	2	3
53	5	1	3	4	1	3	5	3	1
53	5	2	1	4	2	6	3	4	3
53	5	3	5	3	2	1	2	1	1
53	6	1	4	1	4	5	3	3	5
53	6	2	2	2	1	3	1	5	2
53	6	3	1	5	3	6	6	1	4
53	7	1	1	2	5	3	4	4	1
53	7	2	5	1	4	1	4	6	4
53	7	3	4	5	6	2	1	6	3
54	1	1	3	4	2	4	6	5	5
54	1	2	3	3	3	6	2	2	2
54	1	3	2	1	5	1	5	1	3
54	2	1	5	4	5	5	6	2	1
54	2	2	1	3	6	3	5	4	4
54	2	3	4	5	3	5	4	5	5
54	3	1	2	2	4	6	2	4	2
54	3	2	2	2	2	4	3	6	4
54	3	3	5	1	1	2	1	4	2
54	4	1	1	5	3	2	2	1	5
54	4	2	3	3	5	6	4	5	3
54	4	3	4	4	2	1	1	3	1
54	5	1	2	5	6	5	5	2	1
54	5	2	3	4	1	3	3	3	2
54	5	3	4	3	4	4	2	6	5
54	6	1	5	5	4	1	6	6	3
54	6	2	3	2	2	2	6	2	1
54	6	3	1	1	3	5	5	5	4
54	7	1	5	4	5	6	3	4	4
54	7	2	2	2	1	3	1	1	3
54	7	3	4	3	6	1	4	3	5
55	1	1	4	3	5	3	3	1	1
55	1	2	1	1	6	4	4	2	2
55	1	3	3	2	3	2	5	4	3
55	2	1	5	4	4	5	2	3	4
55	2	2	2	1	5	4	6	5	5
55	2	3	1	5	2	6	1	5	2
55	3	1	2	3	4	1	4	4	4
55	3	2	5	4	3	6	5	3	5
55	3	3	4	1	1	3	2	6	2
55	4	1	3	2	2	2	6	2	1
55	4	2	5	5	6	5	1	6	3
55	4	3	1	4	1	4	6	1	4
55	5	1	1	3	2	5	2	1	3
55	5	2	2	2	3	4	4	2	5
55	5	3	3	1	1	6	3	6	1
55	6	1	5	5	4	4	4	4	3
55	6	2	4	1	5	3	1	3	4
55	6	3	3	5	6	1	3	5	2
55	7	1	1	4	4	2	5	3	2
55	7	2	2	2	6	3	3	5	1
55	7	3	4	3	2	1	1	2	5
56	1	1	1	1	1	2	5	1	5
56	1	2	3	2	5	6	1	5	1
56	1	3	4	4	3	5	6	6	2
56	2	1	4	5	3	3	2	4	3
56	2	2	2	1	2	6	6	3	4
56	2	3	5	3	6	4	5	6	4
56	3	1	2	5	1	2	4	2	1
56	3	2	3	2	4	5	3	1	5
56	3	3	1	4	4	1	2	4	2
56	4	1	5	3	2	3	6	5	3
56	4	2	2	1	5	2	5	4	2
56	4	3	3	4	3	4	4	6	4
56	5	1	1	5	5	6	2	2	3
56	5	2	5	2	6	1	3	1	5
56	5	3	4	3	1	1	1	6	1
56	6	1	3	1	6	2	2	3	4
56	6	2	4	2	2	5	6	1	2
56	6	3	2	4	1	4	5	3	3
56	7	1	4	5	5	6	3	4	5
56	7	2	1	2	4	2	4	2	3
56	7	3	5	3	3	5	1	5	1
57	1	1	1	1	2	3	5	6	5
57	1	2	3	4	5	4	1	3	1
57	1	3	5	5	6	3	6	1	2
57	2	1	2	3	4	5	4	4	1
57	2	2	5	3	3	3	2	2	5
57	2	3	4	2	1	1	3	5	4
57	3	1	2	1	4	6	2	1	2
57	3	2	3	4	1	2	4	5	3
57	3	3	1	5	6	1	1	2	4
57	4	1	1	4	3	5	3	6	4
57	4	2	2	3	5	4	6	3	3
57	4	3	4	1	2	6	5	1	1
57	5	1	5	5	1	2	6	3	2
57	5	2	3	2	4	3	1	4	5
57	5	3	4	1	2	4	3	2	3
57	6	1	2	5	3	1	3	3	4
57	6	2	3	4	6	6	4	6	5
57	6	3	5	3	5	5	5	5	2
57	7	1	3	5	4	5	6	2	5
57	7	2	1	2	5	4	2	4	1
57	7	3	4	4	6	2	2	5	4
58	1	1	2	4	1	3	6	6	2
58	1	2	5	3	2	6	4	1	3
58	1	3	1	1	3	1	1	4	1
58	2	1	3	1	3	5	1	2	3
58	2	2	5	2	2	4	5	6	5
58	2	3	4	3	6	6	2	3	1
58	3	1	1	4	5	1	4	1	2
58	3	2	2	5	4	2	3	5	4
58	3	3	2	2	1	3	6	4	4
58	4	1	1	2	3	1	4	5	1
58	4	2	3	5	6	4	5	4	2
58	4	3	5	1	1	6	2	6	3
58	5	1	5	5	3	3	1	3	3
58	5	2	1	3	5	2	3	1	5
58	5	3	4	3	2	5	5	2	4
58	6	1	3	1	4	2	6	1	1
58	6	2	2	4	6	5	1	2	5
58	6	3	4	2	1	4	2	5	2
58	7	1	2	3	3	6	6	3	5
58	7	2	1	5	5	3	5	6	3
58	7	3	5	2	2	1	3	4	4
59	1	1	3	3	5	4	3	2	2
59	1	2	5	4	2	1	5	5	5
59	1	3	4	1	4	5	4	1	1
59	2	1	2	5	1	1	2	6	1
59	2	2	1	2	6	3	4	3	2
59	2	3	4	4	4	2	1	6	4
59	3	1	1	1	6	4	6	4	3
59	3	2	5	1	5	2	4	5	5
59	3	3	3	3	3	6	3	3	2
59	4	1	4	4	4	6	4	4	1
59	4	2	2	4	2	3	5	2	4
59	4	3	3	2	1	5	2	1	3
59	5	1	4	1	5	1	6	3	5
59	5	2	1	5	1	6	1	5	4
59	5	3	2	2	6	5	3	2	3
59	6	1	5	1	2	3	3	6	1
59	6	2	4	3	3	2	1	4	2
59	6	3	3	5	4	4	5	1	1
59	7	1	5	2	5	6	1	6	5
59	7	2	1	3	4	5	6	3	4
59	7	3	3	4	6	3	2	5	3
60	1	1	3	1	6	2	2	4	4
60	1	2	2	5	2	4	4	1	2
60	1	3	5	3	1	1	5	2	3
60	2	1	2	4	1	6	1	1	5
60	2	2	4	5	2	4	6	4	1
60	2	3	1	2	3	3	4	2	2
60	3	1	5	1	5	1	5	5	1
60	3	2	2	4	3	2	2	3	3
60	3	3	1	3	4	5	3	6	2
60	4	1	4	2	5	3	2	1	4
60	4	2	5	4	3	4	3	2	1
60	4	3	3	5	1	5	4	3	5
60	5	1	3	5	2	1	5	4	5
60	5	2	5	3	6	2	6	6	2
60	5	3	4	1	4	6	1	1	3
60	6	1	3	1	4	3	6	5	5
60	6	2	2	2	5	4	4	5	4
60	6	3	1	5	2	2	2	3	2
60	7	1	1	4	6	6	5	2	1
60	7	2	2	3	5	2	4	4	4
60	7	3	4	2	3	1	1	6	3
61	1	1	5	4	1	5	3	4	3
61	1	2	2	1	6	5	3	1	2
61	1	3	1	2	3	6	6	6	1
61	2	1	4	3	1	4	5	4	5
61	2	2	5	5	4	3	2	3	4
61	2	3	3	4	2	1	1	5	2
61	3	1	4	5	3	2	3	5	3
61	3	2	3	2	6	4	1	3	4
61	3	3	2	3	2	1	2	2	5
61	4	1	2	1	2	5	4	6	3
61	4	2	4	4	4	6	6	1	2
61	4	3	1	1	1	2	5	2	1
61	5	1	5	5	5	6	3	6	5
61	5	2	4	2	1	5	4	4	2
61	5	3	3	3	3	3	5	1	4
61	6	1	1	3	6	4	1	3	1
61	6	2	1	2	4	6	2	5	4
61	6	3	3	4	5	1	6	2	3
61	7	1	2	1	5	3	6	3	1
61	7	2	4	3	6	3	5	5	3
61	7	3	5	5	3	1	2	1	5
62	1	1	2	1	5	1	3	6	2
62	1	2	3	5	1	3	4	2	1
62	1	3	5	2	2	2	1	4	4
62	2	1	5	4	4	4	4	2	3
62	2	2	3	3	1	6	3	6	4
62	2	3	1	2	4	5	5	5	5
62	3	1	1	1	2	5	6	3	5
62	3	2	4	4	3	4	2	4	1
62	3	3	2	2	6	2	3	1	2
62	4	1	4	1	3	3	5	2	2
62	4	2	1	3	1	1	6	1	3
62	4	3	2	5	4	5	1	5	1
62	5	1	5	5	5	2	4	6	4
62	5	2	2	4	6	4	5	3	3
62	5	3	3	1	2	6	1	4	5
62	6	1	5	2	2	6	3	5	1
62	6	2	3	3	5	5	2	2	5
62	6	3	4	5	4	4	6	6	2
62	7	1	2	2	4	1	2	3	3
62	7	2	1	4	6	2	4	1	4
62	7	3	5	4	1	3	1	5	2
63	1	1	3	1	3	4	6	1	4
63	1	2	4	4	1	1	4	3	5
63	1	3	1	5	2	5	2	4	1
63	2	1	2	3	3	6	5	4	2
63	2	2	1	2	4	2	1	6	5
63	2	3	4	5	5	3	3	2	3
63	3	1	3	3	3	5	2	6	1
63	3	2	5	2	6	3	6	4	4
63	3	3	1	1	1	4	1	5	2
63	4	1	5	3	5	2	5	1	1
63	4	2	4	1	2	4	3	2	4
63	4	3	2	5	6	6	6	6	5
63	5	1	3	1	2	6	4	3	3
63	5	2	4	3	1	5	1	4	4
63	5	3	5	4	4	1	3	2	1
63	6	1	3	2	3	2	5	3	2
63	6	2	1	4	6	3	2	5	1
63	6	3	2	5	4	4	4	1	3
63	7	1	2	5	5	1	1	1	5
63	7	2	3	3	6	1	5	6	4
63	7	3	4	1	3	5	4	5	3
64	1	1	5	5	1	3	6	3	5
64	1	2	4	2	5	2	2	2	2
64	1	3	1	4	2	4	3	4	5
64	2	1	5	1	1	5	1	3	2
64	2	2	2	3	4	6	6	5	4
64	2	3	1	2	2	2	5	6	3
64	3	1	5	2	3	6	4	2	2
64	3	2	3	4	4	3	3	4	1
64	3	3	1	1	2	1	2	6	4
64	4	1	4	4	6	5	6	1	3
64	4	2	3	5	5	3	4	2	5
64	4	3	2	3	1	2	5	5	1
64	5	1	4	5	3	6	3	3	4
64	5	2	2	1	5	4	1	1	2
64	5	3	1	3	1	1	2	4	3
64	6	1	1	3	4	4	3	3	3
64	6	2	3	2	5	1	1	6	1
64	6	3	5	4	6	5	5	4	5
64	7	1	2	4	2	1	6	2	1
64	7	2	4	5	6	6	4	6	2
64	7	3	3	1	3	2	2	1	5
65	1	1	5	1	3	4	4	5	4
65	1	2	1	4	2	3	3	1	2
65	1	3	2	2	1	2	6	2	5
65	2	1	3	3	2	3	1	3	4
65	2	2	3	5	4	1	6	4	3
65	2	3	4	2	5	6	2	5	1
65	3	1	1	4	5	2	4	3	3
65	3	2	2	3	6	3	3	6	5
65	3	3	5	5	1	5	5	2	4
65	4	1	4	5	3	4	2	5	1
65	4	2	1	1	4	2	1	1	1
65	4	3	5	2	6	6	5	4	2
65	5	1	3	3	6	1	3	5	2
65	5	2	5	2	4	4	2	1	3
65	5	3	4	4	5	5	6	6	4
65	6	1	5	1	1	6	6	4	1
65	6	2	1	5	2	5	1	2	2
65	6	3	2	4	3	3	5	3	5
65	7	1	3	2	1	1	4	1	3
65	7	2	4	3	4	2	3	2	5
65	7	3	2	4	2	5	5	5	4
66	1	1	3	1	6	4	2	2	5
66	1	2	2	5	5	2	1	6	3
66	1	3	1	2	3	3	4	4	5
66	2	1	1	3	3	6	4	1	1
66	2	2	4	3	2	6	2	3	4
66	2	3	5	1	6	1	6	3	2
66	3	1	3	4	5	4	2	6	2
66	3	2	5	2	1	5	5	5	4
66	3	3	2	1	4	3	1	4	3
66	4	1	4	1	1	1	4	6	5
66	4	2	5	5	2	5	3	3	1
66	4	3	3	5	6	2	6	5	3
66	5	1	1	2	5	3	3	1	2
66	5	2	4	4	3	4	1	1	4
66	5	3	2	3	4	6	5	2	1
66	6	1	1	5	2	1	5	4	4
66	6	2	2	4	3	3	2	6	3
66	6	3	5	3	5	4	6	3	1
66	7	1	1	1	1	6	6	5	5
66	7	2	3	2	6	5	1	4	4
66	7	3	4	1	4	3	4	2	2
67	1	1	4	2	6	1	4	3	1
67	1	2	3	3	4	4	1	6	3
67	1	3	5	4	2	2	3	1	5
67	2	1	1	1	5	6	5	5	5
67	2	2	3	4	3	5	2	2	2
67	2	3	2	5	1	2	3	4	1
67	3	1	2	2	4	4	3	2	4
67	3	2	5	3	2	2	4	4	3
67	3	3	4	3	3	3	6	5	2
67	4	1	1	4	6	1	1	6	4
67	4	2	2	2	5	5	2	3	5
67	4	3	3	5	1	6	5	1	3
67	5	1	5	1	3	1	3	4	2
67	5	2	2	2	6	6	1	2	3
67	5	3	4	5	2	3	6	3	1
67	6	1	3	1	4	2	2	5	4
67	6	2	5	3	1	5	4	1	1
67	6	3	1	4	5	4	3	6	2
67	7	1	4	2	4	1	5	3	5
67	7	2	1	3	1	4	2	2	5
67	7	3	3	5	5	3	4	5	2
68	1	1	4	5	2	2	5	6	3
68	1	2	5	1	3	5	1	4	3
68	1	3	4	4	6	6	6	1	4
68	2	1	2	4	2	5	2	6	1
68	2	2	5	5	5	1	4	2	4
68	2	3	1	2	1	4	5	3	1
68	3	1	3	1	4	6	3	4	5
68	3	2	5	4	6	2	1	5	3
68	3	3	2	3	3	1	6	3	2
68	4	1	3	2	3	2	6	2	1
68	4	2	5	1	6	3	2	1	4
68	4	3	4	3	4	3	5	4	2
68	5	1	2	4	1	6	3	6	1
68	5	2	1	2	3	5	4	5	3
68	5	3	4	5	2	4	1	5	5
68	6	1	1	3	5	2	6	1	4
68	6	2	3	1	4	1	5	3	2
68	6	3	2	5	6	5	1	1	5
68	7	1	1	2	1	6	3	6	3
68	7	2	4	1	5	3	2	4	4
68	7	3	2	3	2	4	4	4	5
69	1	1	5	5	4	1	2	1	2
69	1	2	3	1	6	5	3	3	3
69	1	3	3	4	3	3	1	2	1
69	2	1	1	1	6	1	4	2	1
69	2	2	5	4	2	6	6	6	2
69	2	3	2	5	1	4	5	5	4
69	3	1	3	5	5	6	3	3	4
69	3	2	4	2	5	2	5	2	5
69	3	3	5	3	3	3	2	6	1
69	4	1	4	3	2	2	2	5	2
69	4	2	5	4	4	4	5	3	3
69	4	3	1	2	3	5	6	4	5
69	5	1	3	2	2	4	6	6	5
69	5	2	2	4	4	6	4	5	1
69	5	3	1	1	1	1	1	1	4
69	6	1	1	3	1	3	6	2	3
69	6	2	2	2	2	5	4	1	4
69	6	3	4	5	6	2	3	4	2
69	7	1	4	4	5	5	1	1	2
69	7	2	3	3	1	3	5	6	1
69	7	3	2	1	3	1	3	5	5
70	1	1	4	4	5	4	5	4	3
70	1	2	1	5	6	6	2	3	3
70	1	3	5	1	4	2	1	2	5
70	2	1	5	3	5	3	3	1	1
70	2	2	2	5	3	2	6	6	4
70	2	3	3	2	1	4	4	4	2
70	3	1	1	5	4	5	2	2	1
70	3	2	5	2	6	1	6	5	5
70	3	3	2	3	2	6	1	3	2
70	4	1	4	1	1	3	3	2	4
70	4	2	5	1	5	6	2	3	3
70	4	3	3	4	4	5	4	6	2
70	5	1	3	2	2	5	3	5	3
70	5	2	1	5	3	1	1	3	4
70	5	3	4	3	6	4	4	1	5
70	6	1	1	5	3	4	5	6	5
70	6	2	2	2	4	1	6	1	3
70	6	3	5	4	5	2	5	4	1
70	7	1	3	3	2	3	4	5	4
70	7	2	2	4	1	2	2	2	5
70	7	3	4	1	6	2	1	4	1
71	1	1	5	2	1	6	2	1	2
71	1	2	3	4	4	1	6	4	4
71	1	3	1	1	3	4	3	5	3
71	2	1	5	5	2	3	4	6	2
71	2	2	2	3	6	5	5	5	1
71	2	3	4	4	5	6	1	4	4
71	3	1	4	2	2	3	1	3	5
71	3	2	1	1	6	5	5	2	2
71	3	3	3	5	5	6	6	1	1
71	4	1	4	5	1	4	3	2	1
71	4	2	2	3	4	2	2	3	3
71	4	3	1	3	3	1	4	6	5
71	5	1	5	4	4	5	2	3	5
71	5	2	2	2	5	3	6	5	3
71	5	3	3	1	1	2	5	1	4
71	6	1	3	5	2	6	1	2	2
71	6	2	4	2	6	4	4	6	1
71	6	3	5	3	3	1	3	2	3
71	7	1	4	2	5	1	5	6	2
71	7	2	2	1	6	6	3	4	2
71	7	3	1	4	4	3	4	5	4
72	1	1	1	5	3	5	2	1	3
72	1	2	1	3	2	2	6	4	4
72	1	3	3	4	1	4	1	3	5
72	2	1	2	1	5	2	1	5	1
72	2	2	5	3	4	6	2	4	5
72	2	3	3	2	2	3	5	1	3
72	3	1	5	1	3	4	6	2	4
72	3	2	2	1	4	2	4	6	2
72	3	3	4	4	1	1	3	3	1
72	4	1	5	2	3	6	1	2	4
72	4	2	1	5	6	5	6	3	2
72	4	3	2	4	5	3	4	4	5
72	5	1	2	1	1	5	3	6	1
72	5	2	4	5	2	1	2	1	1
72	5	3	3	3	6	2	5	5	3
72	6	1	1	3	1	5	6	2	2
72	6	2	5	2	5	4	2	3	4
72	6	3	3	5	3	6	3	5	5
72	7	1	5	5	4	4	5	6	4
72	7	2	2	3	6	3	1	1	3
72	7	3	4	4	2	1	4	5	3
73	1	1	3	2	4	1	6	4	1
73	1	2	5	4	3	2	5	1	5
73	1	3	4	1	6	6	2	6	5
73	2	1	1	4	1	4	4	4	2
73	2	2	3	3	5	5	1	2	1
73	2	3	2	1	3	3	5	3	4
73	3	1	2	1	2	4	2	6	4
73	3	2	1	5	2	2	3	3	2
73	3	3	4	2	6	3	3	4	3
73	4	1	4	4	1	5	6	1	2
73	4	2	1	3	4	6	1	5	3
73	4	3	3	5	6	4	4	2	5
73	5	1	4	3	5	5	4	4	3
73	5	2	5	2	5	2	1	6	1
73	5	3	2	5	1	1	5	5	2
73	6	1	5	1	1	3	2	2	5
73	6	2	1	4	3	1	3	3	1
73	6	3	4	2	4	6	5	1	4
73	7	1	3	4	2	6	6	1	1
73	7	2	1	5	5	5	3	5	5
73	7	3	2	3	6	1	1	2	2
74	1	1	2	2	2	2	2	1	2
74	1	2	3	1	3	4	6	6	3
74	1	3	5	2	4	3	4	6	4
74	2	1	4	3	3	6	4	3	1
74	2	2	1	4	6	1	5	2	5
74	2	3	3	5	1	2	2	4	4
74	3	1	5	1	2	6	6	5	3
74	3	2	1	2	5	3	3	3	5
74	3	3	2	4	4	4	1	4	2
74	4	1	5	3	3	4	3	1	4
74	4	2	3	5	5	5	5	3	3
74	4	3	4	5	6	3	6	4	1
74	5	1	4	3	2	5	1	5	5
74	5	2	2	4	5	1	2	2	4
74	5	3	5	1	1	2	4	3	2
74	6	1	1	5	4	3	1	6	3
74	6	2	3	1	4	1	4	1	1
74	6	3	4	2	1	2	6	6	5
74	7	1	1	4	6	3	3	2	4
74	7	2	5	1	2	5	5	4	2
74	7	3	2	2	3	6	2	5	1
75	1	1	2	2	5	4	6	2	2
75	1	2	4	1	3	2	5	3	1
75	1	3	3	3	4	4	3	5	3
75	2	1	1	5	5	3	1	4	5
75	2	2	5	3	6	6	4	1	3
75	2	3	3	4	1	5	2	6	4
75	3	1	2	5	2	6	4	3	4
75	3	2	4	4	4	5	6	2	3
75	3	3	1	3	2	1	2	6	1
75	4	1	5	4	1	2	4	4	3
75	4	2	1	1	6	1	5	5	2
75	4	3	3	2	3	4	1	1	5
75	5	1	3	1	6	3	2	3	1
75	5	2	4	2	3	6	5	2	4
75	5	3	5	3	4	1	3	6	5
75	6	1	5	2	2	5	3	1	2
75	6	2	4	1	1	4	1	4	3
75	6	3	2	5	1	2	6	5	5
75	7	1	3	3	5	5	6	3	4
75	7	2	5	4	6	4	1	5	1
75	7	3	2	5	3	3	1	1	2
76	1	1	1	3	5	2	4	2	4
76	1	2	3	2	2	4	2	6	3
76	1	3	2	5	4	6	5	4	5
76	2	1	1	1	3	1	4	1	1
76	2	2	5	5	5	1	1	2	3
76	2	3	4	4	4	2	3	5	2
76	3	1	1	4	6	6	2	6	2
76	3	2	2	2	1	5	3	4	4
76	3	3	4	1	2	4	5	3	5
76	4	1	2	4	5	6	5	2	3
76	4	2	3	3	4	3	6	6	1
76	4	3	4	1	1	1	3	1	4
76	5	1	5	4	2	5	2	5	5
76	5	2	5	5	3	2	4	3	2
76	5	3	1	2	6	3	6	4	1
76	6	1	2	5	3	1	4	4	1
76	6	2	3	3	6	2	2	1	5
76	6	3	1	1	5	6	6	5	2
76	7	1	4	4	3	3	3	6	3
76	7	2	2	3	1	4	2	4	2
76	7	3	3	2	4	5	1	3	4
77	1	1	3	5	2	3	3	1	5
77	1	2	1	2	1	6	4	3	3
77	1	3	4	1	2	4	5	2	4
77	2	1	3	2	5	2	5	6	2
77	2	2	5	5	6	1	1	5	1
77	2	3	1	3	4	4	6	2	5
77	3	1	4	3	1	6	4	6	4
77	3	2	1	4	2	2	1	3	1
77	3	3	2	1	6	5	3	2	3
77	4	1	2	2	3	1	4	4	3
77	4	2	3	1	4	3	6	5	2
77	4	3	5	3	5	5	5	1	1
77	5	1	5	4	1	6	1	3	5
77	5	2	4	5	6	2	2	5	4
77	5	3	1	1	2	1	3	6	3
77	6	1	4	2	4	5	2	6	2
77	6	2	5	5	5	4	2	1	1
77	6	3	3	4	3	3	5	4	5
77	7	1	1	3	1	3	5	5	2
77	7	2	2	3	2	2	6	2	4
77	7	3	3	5	3	5	3	4	4
78	1	1	5	4	6	6	6	2	3
78	1	2	4	2	4	4	4	5	1
78	1	3	2	1	5	1	6	3	5
78	2	1	1	1	4	5	4	1	4
78	2	2	3	4	3	1	1	1	5
78	2	3	4	5	2	2	2	2	3
78	3	1	5	2	1	3	1	3	1
78	3	2	3	3	5	6	3	4	2
78	3	3	2	1	6	5	5	6	1
78	4	1	4	5	3	3	4	2	4
78	4	2	1	2	2	1	6	4	5
78	4	3	2	3	6	4	3	3	2
78	5	1	5	4	1	2	5	5	3
78	5	2	2	3	4	6	6	6	5
78	5	3	1	5	5	4	1	1	1
78	6	1	4	2	2	1	5	2	2
78	6	2	5	1	5	3	2	5	3
78	6	3	3	4	6	2	4	6	4
78	7	1	2	4	1	3	3	1	2
78	7	2	4	2	3	5	2	3	1
78	7	3	5	3	4	1	1	4	4
79	1	1	3	5	2	6	4	2	2
79	1	2	1	1	3	4	6	4	3
79	1	3	5	1	5	2	1	6	5
79	2	1	1	5	4	6	3	5	1
79	2	2	2	2	6	5	5	3	5
79	2	3	4	3	1	1	2	1	5
79	3	1	3	2	6	6	1	5	3
79	3	2	5	3	4	3	6	3	2
79	3	3	2	4	2	4	3	1	4
79	4	1	4	5	1	5	5	6	3
79	4	2	3	1	2	2	4	2	1
79	4	3	1	1	5	1	2	4	4
79	5	1	4	3	5	3	4	1	5
79	5	2	1	4	3	4	2	4	2
79	5	3	2	2	4	2	3	2	3
79	6	1	5	5	6	5	6	3	3
79	6	2	3	4	3	6	1	6	4
79	6	3	4	2	2	4	5	5	1
79	7	1	5	3	1	1	6	5	4
79	7	2	2	1	5	4	2	1	1
79	7	3	1	4	4	5	4	3	5
80	1	1	4	5	6	2	1	6	2
80	1	2	5	3	3	5	3	6	5
80	1	3	3	1	1	6	5	2	3
80	2	1	3	2	2	3	2	4	4
80	2	2	1	5	1	4	1	2	2
80	2	3	2	4	3	3	5	1	3
80	3	1	2	5	4	1	2	5	2
80	3	2	3	4	3	2	3	3	1
80	3	3	4	1	6	6	4	4	4
80	4	1	1	3	2	1	5	2	1
80	4	2	5	5	6	4	4	1	5
80	4	3	5	2	5	2	6	3	2
80	5	1	1	3	1	5	1	6	3
80	5	2	3	4	3	3	6	5	1
80	5	3	4	1	5	6	3	4	5
80	6	1	4	3	2	1	1	3	3
80	6	2	1	5	4	6	2	4	1
80	6	3	2	2	4	2	3	2	4
80	7	1	3	1	1	3	4	6	2
80	7	2	2	2	5	4	6	5	4
80	7	3	4	5	6	5	5	1	5
81	1	1	5	4	6	3	2	2	1
81	1	2	3	1	5	1	1	3	4
81	1	3	2	3	3	5	4	4	3
81	2	1	1	2	4	2	6	1	5
81	2	2	5	1	2	4	3	6	1
81	2	3	3	4	5	6	5	3	2
81	3	1	2	4	1	6	2	1	3
81	3	2	1	5	6	3	3	6	4
81	3	3	5	2	1	5	4	5	5
81	4	1	5	1	3	1	6	5	2
81	4	2	4	3	4	2	1	4	1
81	4	3	3	3	6	4	2	2	5
81	5	1	4	4	4	1	1	6	2
81	5	2	1	3	1	2	3	3	4
81	5	3	5	2	2	3	5	4	3
81	6	1	1	1	3	6	5	1	2
81	6	2	2	5	2	4	4	5	5
81	6	3	4	4	5	5	6	1	4
81	7	1	2	5	1	1	1	3	4
81	7	2	5	5	3	2	5	4	3
81	7	3	3	2	6	6	6	2	1
82	1	1	1	3	4	4	3	1	1
82	1	2	4	4	2	3	2	2	5
82	1	3	3	1	5	5	4	5	2
82	2	1	5	5	4	4	5	5	4
82	2	2	2	1	2	5	1	4	1
82	2	3	2	2	3	1	2	6	3
82	3	1	5	4	5	5	4	2	2
82	3	2	3	2	1	6	3	3	1
82	3	3	1	3	5	3	6	6	3
82	4	1	4	4	6	2	2	5	3
82	4	2	3	5	1	1	3	4	5
82	4	3	1	2	3	3	1	2	4
82	5	1	4	3	6	5	6	3	2
82	5	2	2	1	4	3	4	6	5
82	5	3	1	3	2	6	5	1	2
82	6	1	2	4	3	2	5	5	1
82	6	2	3	1	5	4	3	1	3
82	6	3	5	2	6	4	4	4	4
82	7	1	4	5	4	6	1	3	5
82	7	2	2	5	1	1	6	6	3
82	7	3	3	3	1	2	2	2	2
83	1	1	4	4	4	3	3	5	5
83	1	2	1	2	5	5	5	6	1
83	1	3	5	1	2	6	2	3	4
83	2	1	1	1	1	2	1	2	5
83	2	2	5	5	2	4	6	4	2
83	2	3	3	4	6	1	4	1	4
83	3	1	4	2	6	3	4	3	1
83	3	2	2	3	3	4	1	2	3
83	3	3	1	5	2	2	6	1	3
83	4	1	2	2	3	5	2	6	2
83	4	2	3	3	4	1	5	5	4
83	4	3	2	4	5	6	3	4	1
83	5	1	5	1	1	3	1	1	1
83	5	2	4	4	3	2	6	6	5
83	5	3	4	5	5	1	3	3	3
83	6	1	1	2	2	5	2	5	5
83	6	2	5	1	4	6	4	2	2
83	6	3	3	3	6	2	3	4	4
83	7	1	4	3	1	6	2	5	4
83	7	2	2	1	6	3	6	1	2
83	7	3	3	4	5	4	5	4	3
84	1	1	3	5	3	4	1	6	5
84	1	2	1	2	4	1	5	2	2
84	1	3	5	3	2	5	4	6	1
84	2	1	2	1	4	4	3	3	3
84	2	2	5	2	1	2	1	5	1
84	2	3	1	4	3	6	6	1	4
84	3	1	3	2	5	1	4	4	5
84	3	2	2	3	2	5	1	5	2
84	3	3	4	5	1	3	2	2	4
84	4	1	4	1	2	4	6	2	3
84	4	2	5	5	4	3	5	4	1
84	4	3	1	4	6	2	5	3	5
84	5	1	5	3	3	6	4	3	5
84	5	2	4	1	6	1	3	6	1
84	5	3	3	5	4	5	2	1	3
84	6	1	4	2	3	1	1	1	2
84	6	2	2	4	5	5	4	2	4
84	6	3	1	2	1	4	6	6	2
84	7	1	1	1	5	6	2	5	3
84	7	2	2	3	2	3	5	4	1
84	7	3	5	4	2	1	3	3	5
85	1	1	2	1	3	5	1	2	5
85	1	2	3	2	6	2	3	5	4
85	1	3	4	5	5	6	4	6	3
85	2	1	1	4	6	4	2	4	2
85	2	2	3	5	4	3	5	3	4
85	2	3	2	3	5	2	4	1	1
85	3	1	3	3	2	2	5	6	5
85	3	2	4	1	3	4	2	3	4
85	3	3	5	4	1	5	6	2	1
85	4	1	2	5	1	6	6	5	1
85	4	2	4	1	4	5	3	1	2
85	4	3	5	2	6	3	1	4	3
85	5	1	3	5	2	1	3	2	2
85	5	2	5	2	1	6	6	4	5
85	5	3	1	4	5	4	5	6	4
85	6	1	1	4	4	3	4	5	3
85	6	2	2	3	6	1	5	1	4
85	6	3	3	1	4	2	2	3	2
85	7	1	5	2	2	4	2	6	3
85	7	2	4	3	5	3	3	5	5
85	7	3	1	5	3	2	1	4	1
86	1	1	3	2	1	1	1	2	3
86	1	2	4	4	3	6	4	5	1
86	1	3	1	5	6	5	6	3	4
86	2	1	3	4	2	1	4	4	1
86	2	2	5	3	4	4	5	1	2
86	2	3	2	1	6	2	3	3	5
86	3	1	1	1	1	5	6	4	4
86	3	2	4	3	5	3	2	2	2
86	3	3	2	2	6	6	1	1	5
86	4	1	1	3	4	6	1	6	4
86	4	2	4	1	1	4	5	5	5
86	4	3	5	5	3	3	4	3	3
86	5	1	2	4	2	3	6	6	4
86	5	2	3	5	5	5	3	2	1
86	5	3	5	2	3	1	2	1	2
86	6	1	2	4	1	4	4	3	2
86	6	2	4	3	6	6	2	4	5
86	6	3	1	2	3	2	5	1	3
86	7	1	5	4	2	1	3	5	2
86	7	2	4	5	4	2	6	4	1
86	7	3	5	1	5	5	1	2	3
87	1	1	1	1	6	1	2	6	1
87	1	2	3	3	1	4	6	3	3
87	1	3	2	5	2	6	3	2	4
87	2	1	5	1	3	3	5	6	5
87	2	2	3	2	5	5	6	1	5
87	2	3	4	3	6	4	1	5	2
87	3	1	3	5	3	1	5	3	1
87	3	2	1	2	2	3	3	1	4
87	3	3	2	4	4	2	4	6	3
87	4	1	5	5	4	5	2	4	5
87	4	2	3	4	5	2	1	6	4
87	4	3	4	2	1	6	4	2	1
87	5	1	2	1	2	5	1	4	3
87	5	2	4	4	4	4	6	1	1
87	5	3	1	3	3	6	3	5	2
87	6	1	5	3	6	1	5	5	4
87	6	2	1	4	5	1	4	2	5
87	6	3	2	5	1	3	2	3	3
87	7	1	3	1	1	2	6	1	2
87	7	2	5	5	6	4	2	2	1
87	7	3	2	2	5	6	5	6	4
88	1	1	4	2	4	2	4	2	2
88	1	2	3	3	6	3	1	3	2
88	1	3	1	1	2	5	3	5	3
88	2	1	2	2	5	4	2	3	1
88	2	2	3	3	1	5	4	5	5
88	2	3	4	1	3	2	5	4	5
88	3	1	5	4	4	6	1	1	4
88	3	2	4	5	3	2	6	4	2
88	3	3	1	5	1	1	2	6	3
88	4	1	1	4	2	5	4	3	3
88	4	2	3	1	4	4	1	1	1
88	4	3	5	3	5	3	3	6	5
88	5	1	3	2	3	6	3	4	3
88	5	2	2	5	6	1	6	5	4
88	5	3	4	1	1	3	5	2	1
88	6	1	1	2	2	4	4	3	4
88	6	2	2	3	4	3	1	2	5
88	6	3	5	5	5	2	5	4	2
88	7	1	2	1	6	1	3	1	5
88	7	2	4	3	3	5	2	5	2
88	7	3	5	4	2	6	6	6	1
89	1	1	3	4	5	3	6	1	3
89	1	2	1	2	4	1	5	3	3
89	1	3	5	3	1	4	3	5	4
89	2	1	1	2	2	2	4	6	5
89	2	2	2	1	3	6	1	6	4
89	2	3	3	4	6	5	2	4	2
89	3	1	4	5	5	6	6	2	3
89	3	2	2	3	1	2	3	3	1
89	3	3	5	4	2	3	1	5	2
89	4	1	1	1	5	3	2	2	5
89	4	2	4	2	1	1	5	1	3
89	4	3	3	5	3	5	4	4	4
89	5	1	1	4	6	5	5	2	1
89	5	2	2	5	4	4	3	6	2
89	5	3	3	1	2	2	2	1	4
89	6	1	4	4	2	6	1	3	3
89	6	2	5	3	4	1	6	5	5
89	6	3	2	2	6	4	1	4	1
89	7	1	4	2	4	5	3	1	3
89	7	2	5	1	3	2	5	2	4
89	7	3	3	5	6	6	4	6	5
90	1	1	3	3	5	4	2	5	1
90	1	2	2	4	3	1	5	4	5
90	1	3	1	5	1	3	4	1	2
90	2	1	4	1	3	5	6	3	1
90	2	2	5	3	5	4	4	1	4
90	2	3	1	2	4	6	1	2	2
90	3	1	5	1	6	2	3	5	3
90	3	2	2	3	2	3	6	4	5
90	3	3	5	4	1	1	2	6	4
90	4	1	3	5	4	4	5	6	1
90	4	2	4	1	2	2	4	3	3
90	4	3	1	2	5	1	3	3	2
90	5	1	2	4	4	5	6	4	4
90	5	2	1	5	1	6	1	5	5
90	5	3	3	2	3	3	3	2	2
90	6	1	1	3	6	5	4	1	1
90	6	2	4	2	1	3	2	6	4
90	6	3	2	4	3	4	5	3	2
90	7	1	4	3	2	1	1	4	1
90	7	2	5	5	6	6	6	2	3
90	7	3	3	4	5	2	2	2	5
91	1	1	2	1	3	3	4	5	1
91	1	2	5	5	2	2	3	1	4
91	1	3	3	3	4	1	2	4	3
91	2	1	4	5	5	5	5	6	2
91	2	2	5	2	6	5	1	5	1
91	2	3	1	1	1	4	4	3	5
91	3	1	4	2	4	4	6	5	4
91	3	2	3	1	2	6	6	2	2
91	3	3	1	3	3	6	2	1	3
91	4	1	4	3	5	3	5	3	4
91	4	2	2	4	6	1	1	6	3
91	4	3	5	2	1	4	3	4	5
91	5	1	2	5	2	1	2	2	5
91	5	2	3	1	1	6	5	5	1
91	5	3	1	5	5	2	1	3	2
91	6	1	2	1	1	3	4	4	3
91	6	2	5	3	4	2	4	6	2
91	6	3	4	4	3	5	3	5	4
91	7	1	4	4	4	6	2	3	1
91	7	2	1	4	6	2	3	4	3
91	7	3	3	2	3	1	6	1	5
92	1	1	3	3	2	3	5	6	1
92	1	2	2	2	6	6	2	1	2
92	1	3	1	1	5	4	1	2	4
92	2	1	4	5	4	5	1	1	5
92	2	2	1	3	3	4	6	2	3
92	2	3	5	1	5	1	6	6	2
92	3	1	1	4	1	5	5	4	5
92	3	2	3	5	6	3	3	5	5
92	3	3	2	2	1	2	4	3	4
92	4	1	4	1	6	2	6	2	4
92	4	2	3	4	2	1	4	5	3
92	4	3	5	3	3	6	3	4	1
92	5	1	2	5	2	3	5	1	1
92	5	2	3	1	2	4	1	6	2
92	5	3	5	2	4	5	2	3	5
92	6	1	4	5	5	1	4	4	2
92	6	2	5	2	4	3	3	2	1
92	6	3	1	3	3	2	2	5	3
92	7	1	2	3	6	6	5	2	2
92	7	2	4	4	5	5	3	1	3
92	7	3	3	4	1	4	1	3	4
93	1	1	5	1	5	6	4	3	5
93	1	2	2	2	4	2	6	6	1
93	1	3	1	5	2	3	2	5	4
93	2	1	4	3	1	1	1	1	4
93	2	2	3	1	6	4	5	6	5
93	2	3	2	2	5	5	6	5	2
93	3	1	4	2	6	3	4	6	5
93	3	2	1	4	4	6	3	4	1
93	3	3	5	5	3	4	1	1	3
93	4	1	3	3	2	5	5	4	4
93	4	2	5	4	3	1	2	2	3
93	4	3	1	5	1	3	6	3	2
93	5	1	2	1	3	2	2	3	1
93	5	2	3	2	2	6	4	5	3
93	5	3	5	4	1	2	1	2	2
93	6	1	4	3	5	4	6	5	5
93	6	2	1	1	4	1	5	1	1
93	6	3	2	5	6	5	4	6	4
93	7	1	3	2	3	5	1	6	5
93	7	2	4	1	1	3	3	4	2
93	7	3	2	5	5	6	5	3	1
94	1	1	3	3	4	2	4	2	3
94	1	2	5	4	2	4	6	1	4
94	1	3	1	5	6	1	3	4	1
94	2	1	4	3	1	2	2	1	5
94	2	2	1	1	4	5	2	2	4
94	2	3	5	2	2	6	5	6	2
94	3	1	2	3	5	3	6	4	3
94	3	2	3	4	6	2	3	3	5
94	3	3	4	5	3	4	4	5	2
94	4	1	1	4	1	1	2	6	1
94	4	2	4	1	6	3	1	3	3
94	4	3	5	2	5	1	1	5	4
94	5	1	3	2	3	5	5	5	4
94	5	2	2	4	2	4	3	2	3
94	5	3	5	1	4	6	6	1	5
94	6	1	2	5	3	4	1	4	2
94	6	2	5	1	6	1	6	6	3
94	6	3	1	3	2	2	4	1	1
94	7	1	2	2	4	1	2	2	5
94	7	2	1	5	5	6	5	6	4
94	7	3	3	3	1	5	3	3	2
95	1	1	4	1	2	4	5	4	3
95	1	2	5	5	1	5	4	1	1
95	1	3	1	4	6	3	6	3	1
95	2	1	4	2	5	2	1	4	2
95	2	2	2	4	6	4	5	5	5
95	2	3	3	3	3	6	4	2	4
95	3	1	1	4	4	3	2	5	4
95	3	2	2	1	2	6	2	1	2
95	3	3	4	2	1	5	3	2	1
95	4	1	3	3	4	3	1	6	3
95	4	2	5	5	3	2	3	3	5
95	4	3	4	4	5	5	6	4	1
95	5	1	1	2	3	6	3	6	4
95	5	2	3	1	5	1	4	5	2
95	5	3	2	3	4	3	1	3	5
95	6	1	4	4	2	2	6	5	4
95	6	2	5	5	6	1	5	2	3
95	6	3	3	2	1	4	2	4	2
95	7	1	2	1	1	3	1	1	3
95	7	2	5	3	6	4	3	6	1
95	7	3	1	5	2	2	6	3	5
96	1	1	5	4	5	3	4	2	1
96	1	2	4	1	4	1	5	4	4
96	1	3	3	5	3	5	2	1	2
96	2	1	3	4	4	1	5	3	2
96	2	2	2	2	1	2	4	6	3
96	2	3	1	3	2	6	1	4	5
96	3	1	1	2	3	4	2	1	3
96	3	2	2	1	5	5	3	5	5
96	3	3	4	5	6	6	6	2	4
96	4	1	1	1	3	1	6	5	1
96	4	2	2	3	6	5	5	2	3
96	4	3	5	2	5	6	2	3	1
96	5	1	4	2	2	2	1	6	5
96	5	2	5	5	4	3	4	4	4
96	5	3	3	4	1	4	3	2	5
96	6	1	1	1	6	1	4	4	4
96	6	2	2	5	5	4	2	5	3
96	6	3	4	3	2	3	3	1	2
96	7	1	3	4	1	6	6	4	1
96	7	2	5	3	3	5	5	6	2
96	7	3	4	2	4	2	1	3	3
97	1	1	1	5	2	5	1	2	1
97	1	2	5	3	5	2	2	3	4
97	1	3	3	4	6	4	4	1	5
97	2	1	5	1	3	6	3	6	3
97	2	2	3	1	4	3	6	2	5
97	2	3	2	4	1	1	5	5	2
97	3	1	1	3	6	5	6	3	2
97	3	2	3	5	1	1	1	5	1
97	3	3	2	2	3	3	5	1	4
97	4	1	1	4	2	3	5	1	5
97	4	2	4	5	5	2	3	6	1
97	4	3	2	1	4	5	2	4	4
97	5	1	5	3	1	6	1	4	5
97	5	2	4	4	6	4	4	3	2
97	5	3	4	5	3	1	6	6	3
97	6	1	2	2	4	6	3	1	1
97	6	2	5	2	2	2	2	2	2
97	6	3	1	1	5	4	3	4	3
97	7	1	3	3	3	4	4	3	1
97	7	2	4	4	4	6	5	1	3
97	7	3	1	5	5	3	1	5	4
98	1	1	4	1	2	3	4	5	2
98	1	2	2	3	6	1	2	6	5
98	1	3	3	2	1	5	6	2	4
98	2	1	1	4	3	2	1	5	1
98	2	2	5	2	2	1	3	3	3
98	2	3	3	5	6	6	5	1	2
98	3	1	2	3	2	1	6	4	1
98	3	2	5	1	4	4	2	6	4
98	3	3	2	5	5	2	4	1	5
98	4	1	1	4	3	3	4	6	2
98	4	2	5	3	1	5	3	2	4
98	4	3	3	1	5	2	5	5	3
98	5	1	2	4	4	5	1	6	3
98	5	2	1	2	6	4	5	4	5
98	5	3	4	1	2	6	2	3	4
98	6	1	3	2	6	2	1	1	2
98	6	2	4	5	1	4	6	2	1
98	6	3	5	3	3	1	4	5	5
98	7	1	1	5	4	5	3	5	3
98	7	2	3	2	5	3	6	4	2
98	7	3	4	4	2	6	2	3	5
99	1	1	5	4	4	3	2	3	2
99	1	2	4	3	6	1	4	2	4
99	1	3	2	1	1	5	1	1	1
99	2	1	5	5	5	6	3	6	1
99	2	2	1	3	1	2	5	4	4
99	2	3	3	1	3	4	6	2	5
99	3	1	3	1	2	5	2	6	1
99	3	2	2	2	1	3	5	5	3
99	3	3	1	3	4	4	4	2	2
99	4	1	4	4	5	6	1	6	5
99	4	2	2	2	3	1	3	3	4
99	4	3	5	4	6	3	2	4	3
99	5	1	1	5	1	2	6	1	2
99	5	2	3	3	5	6	3	2	3
99	5	3	5	2	3	5	5	3	5
99	6	1	4	5	6	4	4	4	3
99	6	2	2	3	2	6	6	3	4
99	6	3	3	1	4	2	1	5	1
99	7	1	2	1	3	2	2	5	5
99	7	2	5	4	5	1	6	1	2
99	7	3	1	2	6	3	1	2	1
100	1	1	3	5	2	5	5	6	3
100	1	2	4	4	4	4	3	4	5
100	1	3	4	1	1	1	4	1	4
100	2	1	2	5	1	6	4	5	2
100	2	2	5	2	6	2	6	4	4
100	2	3	1	3	3	3	5	3	1
100	3	1	4	3	5	4	3	6	1
100	3	2	5	1	2	1	1	2	2
100	3	3	3	5	4	5	6	4	5
100	4	1	2	4	2	3	3	5	4
100	4	2	1	2	1	1	2	1	3
100	4	3	2	5	5	2	5	2	5
100	5	1	3	3	6	4	2	1	1
100	5	2	5	1	4	5	4	3	3
100	5	3	4	4	3	3	1	6	4
100	6	1	2	3	4	2	6	5	3
100	6	2	1	2	6	6	2	2	2
100	6	3	3	5	5	1	4	3	4
100	7	1	1	4	3	6	1	4	2
100	7	2	5	2	1	4	5	6	5
100	7	3	4	1	6	5	3	5	1